{
 "cells": [
  {
   "cell_type": "code",
   "execution_count": 1,
   "metadata": {},
   "outputs": [],
   "source": [
    "import pandas as pd\n",
    "import numpy as np \n",
    "from gpxutils import parse_gpx \n",
    "import matplotlib.pyplot as plt\n",
    "%matplotlib inline"
   ]
  },
  {
   "cell_type": "markdown",
   "metadata": {},
   "source": [
    "# Analysis of Cycling Data\n",
    "\n",
    "We are provided with four files containing recordings of cycling activities that include GPS location data as\n",
    "well as some measurements related to cycling performace like heart rate and power.  The goal is to perform\n",
    "some exploration and analysis of this data. \n",
    "\n",
    "The data represents four races.  Two are time trials where the rider rides alone on a set course.  Two are \n",
    "road races where the rider rides with a peleton.  All were held on the same course but the road races include\n",
    "two laps where the time trials include just one. \n",
    "\n",
    "Questions to explore with the data:\n",
    "* What is the overall distance travelled for each of the rides? What are the average speeds etc.  Provide a summary for each ride.\n",
    "* Compare the range of speeds for each ride, are time trials faster than road races? \n",
    "* Compare the speeds achieved in the two time trials (three years apart).  As well as looking at the averages, can you see where in the ride one or the other is faster.  \n",
    "* From the elevation_gain field you can see whether the rider is _climbing_ , _descending_ or on the _flat_.   Use this to calculate the average speeds in those three cases (climbing, flat or descending).  Note that _flat_ might not be zero elevation_gain but might allow for slight climbs and falls.  \n",
    "\n",
    "For time varying data like this it is often useful to _smooth_ the data using eg. a [rolling mean](https://pandas.pydata.org/pandas-docs/version/0.17.0/generated/pandas.rolling_mean.html).  You might want to experiment with smoothing in some of your analysis (not required but may be of interest)."
   ]
  },
  {
   "cell_type": "markdown",
   "metadata": {},
   "source": [
    "## Description of Fields\n",
    "\n",
    "* _index_ is a datetime showing the time that the observation was made (I wasn't riding at night, this is converted to UTC)\n",
    "* __latitude, longitude, elevation__ from the GPS, the position of the rider at each timepoint, elevation in m\n",
    "* __temperature__ the current ambient temperature in degrees celcius\n",
    "* __power__ the power being generated by the rider in Watts\n",
    "* __cadence__ the rotational speed of the pedals in revolutions per minute\n",
    "* __hr__ heart rate in beats per minute\n",
    "* __elevation_gain__ the change in elevation in m between two observations\n",
    "* __distance__ distance travelled between observations in km\n",
    "* __speed__ speed measured in km/h\n",
    "\n",
    "You are provided with code in [gpxutils.py](gpxutils.py) to read the GPX XML format files that are exported by cycling computers and applications.  The sample files were exported from [Strava](https://strava.com/) and represent four races by Steve Cassidy.\n"
   ]
  },
  {
   "cell_type": "code",
   "execution_count": 2,
   "metadata": {},
   "outputs": [],
   "source": [
    "# read the four data files\n",
    "rr_2016 = parse_gpx('files/Calga_RR_2016.gpx')\n",
    "tt_2016 = parse_gpx('files/Calga_TT_2016.gpx')\n",
    "rr_2019 = parse_gpx('files/Calga_RR_2019.gpx')\n",
    "tt_2019 = parse_gpx('files/Calga_TT_2019.gpx')"
   ]
  },
  {
   "cell_type": "code",
   "execution_count": 3,
   "metadata": {},
   "outputs": [
    {
     "data": {
      "text/html": [
       "<div>\n",
       "<style scoped>\n",
       "    .dataframe tbody tr th:only-of-type {\n",
       "        vertical-align: middle;\n",
       "    }\n",
       "\n",
       "    .dataframe tbody tr th {\n",
       "        vertical-align: top;\n",
       "    }\n",
       "\n",
       "    .dataframe thead th {\n",
       "        text-align: right;\n",
       "    }\n",
       "</style>\n",
       "<table border=\"1\" class=\"dataframe\">\n",
       "  <thead>\n",
       "    <tr style=\"text-align: right;\">\n",
       "      <th></th>\n",
       "      <th>latitude</th>\n",
       "      <th>longitude</th>\n",
       "      <th>elevation</th>\n",
       "      <th>temperature</th>\n",
       "      <th>power</th>\n",
       "      <th>cadence</th>\n",
       "      <th>hr</th>\n",
       "      <th>distance</th>\n",
       "      <th>elevation_gain</th>\n",
       "      <th>speed</th>\n",
       "      <th>timedelta</th>\n",
       "    </tr>\n",
       "  </thead>\n",
       "  <tbody>\n",
       "    <tr>\n",
       "      <th>2016-05-14 04:02:41+00:00</th>\n",
       "      <td>-33.415561</td>\n",
       "      <td>151.222303</td>\n",
       "      <td>208.6</td>\n",
       "      <td>29.0</td>\n",
       "      <td>0.0</td>\n",
       "      <td>40.0</td>\n",
       "      <td>102.0</td>\n",
       "      <td>0.000000</td>\n",
       "      <td>0.0</td>\n",
       "      <td>0.000000</td>\n",
       "      <td>NaN</td>\n",
       "    </tr>\n",
       "    <tr>\n",
       "      <th>2016-05-14 04:02:42+00:00</th>\n",
       "      <td>-33.415534</td>\n",
       "      <td>151.222289</td>\n",
       "      <td>208.6</td>\n",
       "      <td>29.0</td>\n",
       "      <td>0.0</td>\n",
       "      <td>40.0</td>\n",
       "      <td>102.0</td>\n",
       "      <td>0.003271</td>\n",
       "      <td>0.0</td>\n",
       "      <td>11.777020</td>\n",
       "      <td>1.0</td>\n",
       "    </tr>\n",
       "    <tr>\n",
       "      <th>2016-05-14 04:02:46+00:00</th>\n",
       "      <td>-33.415398</td>\n",
       "      <td>151.222180</td>\n",
       "      <td>208.6</td>\n",
       "      <td>29.0</td>\n",
       "      <td>0.0</td>\n",
       "      <td>40.0</td>\n",
       "      <td>103.0</td>\n",
       "      <td>0.018194</td>\n",
       "      <td>0.0</td>\n",
       "      <td>16.375033</td>\n",
       "      <td>4.0</td>\n",
       "    </tr>\n",
       "    <tr>\n",
       "      <th>2016-05-14 04:02:49+00:00</th>\n",
       "      <td>-33.415264</td>\n",
       "      <td>151.222077</td>\n",
       "      <td>208.6</td>\n",
       "      <td>29.0</td>\n",
       "      <td>0.0</td>\n",
       "      <td>55.0</td>\n",
       "      <td>106.0</td>\n",
       "      <td>0.017703</td>\n",
       "      <td>0.0</td>\n",
       "      <td>21.243901</td>\n",
       "      <td>3.0</td>\n",
       "    </tr>\n",
       "    <tr>\n",
       "      <th>2016-05-14 04:02:51+00:00</th>\n",
       "      <td>-33.415160</td>\n",
       "      <td>151.222013</td>\n",
       "      <td>208.6</td>\n",
       "      <td>29.0</td>\n",
       "      <td>0.0</td>\n",
       "      <td>61.0</td>\n",
       "      <td>109.0</td>\n",
       "      <td>0.013001</td>\n",
       "      <td>0.0</td>\n",
       "      <td>23.401217</td>\n",
       "      <td>2.0</td>\n",
       "    </tr>\n",
       "  </tbody>\n",
       "</table>\n",
       "</div>"
      ],
      "text/plain": [
       "                            latitude   longitude  elevation  temperature  \\\n",
       "2016-05-14 04:02:41+00:00 -33.415561  151.222303      208.6         29.0   \n",
       "2016-05-14 04:02:42+00:00 -33.415534  151.222289      208.6         29.0   \n",
       "2016-05-14 04:02:46+00:00 -33.415398  151.222180      208.6         29.0   \n",
       "2016-05-14 04:02:49+00:00 -33.415264  151.222077      208.6         29.0   \n",
       "2016-05-14 04:02:51+00:00 -33.415160  151.222013      208.6         29.0   \n",
       "\n",
       "                           power  cadence     hr  distance  elevation_gain  \\\n",
       "2016-05-14 04:02:41+00:00    0.0     40.0  102.0  0.000000             0.0   \n",
       "2016-05-14 04:02:42+00:00    0.0     40.0  102.0  0.003271             0.0   \n",
       "2016-05-14 04:02:46+00:00    0.0     40.0  103.0  0.018194             0.0   \n",
       "2016-05-14 04:02:49+00:00    0.0     55.0  106.0  0.017703             0.0   \n",
       "2016-05-14 04:02:51+00:00    0.0     61.0  109.0  0.013001             0.0   \n",
       "\n",
       "                               speed  timedelta  \n",
       "2016-05-14 04:02:41+00:00   0.000000        NaN  \n",
       "2016-05-14 04:02:42+00:00  11.777020        1.0  \n",
       "2016-05-14 04:02:46+00:00  16.375033        4.0  \n",
       "2016-05-14 04:02:49+00:00  21.243901        3.0  \n",
       "2016-05-14 04:02:51+00:00  23.401217        2.0  "
      ]
     },
     "execution_count": 3,
     "metadata": {},
     "output_type": "execute_result"
    }
   ],
   "source": [
    "rr_2016.head()"
   ]
  },
  {
   "cell_type": "code",
   "execution_count": 4,
   "metadata": {},
   "outputs": [
    {
     "name": "stdout",
     "output_type": "stream",
     "text": [
      "-0.12151987774133946\n",
      "-0.817031929101688\n"
     ]
    }
   ],
   "source": [
    "# Let's check correlation between elevation_gain and distance\n",
    "print(rr_2016['elevation_gain'].corr(rr_2016['distance']))\n",
    "\n",
    "# Checking correlation between elevation_gain  and speed\n",
    "print(rr_2016['elevation_gain'].corr(rr_2016['speed']))\n"
   ]
  },
  {
   "cell_type": "code",
   "execution_count": 5,
   "metadata": {},
   "outputs": [
    {
     "name": "stdout",
     "output_type": "stream",
     "text": [
      "                latitude  longitude  elevation  temperature  power   cadence  \\\n",
      "latitude        1.000000   0.896230   0.902604    -0.243038    NaN -0.053667   \n",
      "longitude       0.896230   1.000000   0.705915    -0.262367    NaN -0.114852   \n",
      "elevation       0.902604   0.705915   1.000000    -0.116702    NaN  0.022030   \n",
      "temperature    -0.243038  -0.262367  -0.116702     1.000000    NaN  0.077495   \n",
      "power                NaN        NaN        NaN          NaN    NaN       NaN   \n",
      "cadence        -0.053667  -0.114852   0.022030     0.077495    NaN  1.000000   \n",
      "hr             -0.164643  -0.151830  -0.240242    -0.111024    NaN -0.188127   \n",
      "distance       -0.028951  -0.036753   0.034963     0.002694    NaN  0.091947   \n",
      "elevation_gain  0.003261  -0.007010   0.015736     0.126452    NaN  0.505334   \n",
      "speed           0.017049   0.020254  -0.035951    -0.147017    NaN -0.441832   \n",
      "timedelta      -0.018191  -0.028617   0.057167     0.045334    NaN  0.177566   \n",
      "\n",
      "                      hr  distance  elevation_gain     speed  timedelta  \n",
      "latitude       -0.164643 -0.028951        0.003261  0.017049  -0.018191  \n",
      "longitude      -0.151830 -0.036753       -0.007010  0.020254  -0.028617  \n",
      "elevation      -0.240242  0.034963        0.015736 -0.035951   0.057167  \n",
      "temperature    -0.111024  0.002694        0.126452 -0.147017   0.045334  \n",
      "power                NaN       NaN             NaN       NaN        NaN  \n",
      "cadence        -0.188127  0.091947        0.505334 -0.441832   0.177566  \n",
      "hr              1.000000 -0.017371       -0.166509  0.236500  -0.067493  \n",
      "distance       -0.017371  1.000000       -0.121520  0.149308   0.952109  \n",
      "elevation_gain -0.166509 -0.121520        1.000000 -0.817032   0.053663  \n",
      "speed           0.236500  0.149308       -0.817032  1.000000  -0.100493  \n",
      "timedelta      -0.067493  0.952109        0.053663 -0.100493   1.000000  \n"
     ]
    },
    {
     "data": {
      "text/html": [
       "<div>\n",
       "<style scoped>\n",
       "    .dataframe tbody tr th:only-of-type {\n",
       "        vertical-align: middle;\n",
       "    }\n",
       "\n",
       "    .dataframe tbody tr th {\n",
       "        vertical-align: top;\n",
       "    }\n",
       "\n",
       "    .dataframe thead th {\n",
       "        text-align: right;\n",
       "    }\n",
       "</style>\n",
       "<table border=\"1\" class=\"dataframe\">\n",
       "  <thead>\n",
       "    <tr style=\"text-align: right;\">\n",
       "      <th></th>\n",
       "      <th>latitude</th>\n",
       "      <th>longitude</th>\n",
       "      <th>elevation</th>\n",
       "      <th>temperature</th>\n",
       "      <th>cadence</th>\n",
       "      <th>hr</th>\n",
       "      <th>distance</th>\n",
       "      <th>elevation_gain</th>\n",
       "      <th>speed</th>\n",
       "      <th>timedelta</th>\n",
       "    </tr>\n",
       "  </thead>\n",
       "  <tbody>\n",
       "    <tr>\n",
       "      <th>latitude</th>\n",
       "      <td>1.000000</td>\n",
       "      <td>0.896230</td>\n",
       "      <td>0.902604</td>\n",
       "      <td>-0.243038</td>\n",
       "      <td>-0.053667</td>\n",
       "      <td>-0.164643</td>\n",
       "      <td>-0.028951</td>\n",
       "      <td>0.003261</td>\n",
       "      <td>0.017049</td>\n",
       "      <td>-0.018191</td>\n",
       "    </tr>\n",
       "    <tr>\n",
       "      <th>longitude</th>\n",
       "      <td>0.896230</td>\n",
       "      <td>1.000000</td>\n",
       "      <td>0.705915</td>\n",
       "      <td>-0.262367</td>\n",
       "      <td>-0.114852</td>\n",
       "      <td>-0.151830</td>\n",
       "      <td>-0.036753</td>\n",
       "      <td>-0.007010</td>\n",
       "      <td>0.020254</td>\n",
       "      <td>-0.028617</td>\n",
       "    </tr>\n",
       "    <tr>\n",
       "      <th>elevation</th>\n",
       "      <td>0.902604</td>\n",
       "      <td>0.705915</td>\n",
       "      <td>1.000000</td>\n",
       "      <td>-0.116702</td>\n",
       "      <td>0.022030</td>\n",
       "      <td>-0.240242</td>\n",
       "      <td>0.034963</td>\n",
       "      <td>0.015736</td>\n",
       "      <td>-0.035951</td>\n",
       "      <td>0.057167</td>\n",
       "    </tr>\n",
       "    <tr>\n",
       "      <th>temperature</th>\n",
       "      <td>-0.243038</td>\n",
       "      <td>-0.262367</td>\n",
       "      <td>-0.116702</td>\n",
       "      <td>1.000000</td>\n",
       "      <td>0.077495</td>\n",
       "      <td>-0.111024</td>\n",
       "      <td>0.002694</td>\n",
       "      <td>0.126452</td>\n",
       "      <td>-0.147017</td>\n",
       "      <td>0.045334</td>\n",
       "    </tr>\n",
       "    <tr>\n",
       "      <th>cadence</th>\n",
       "      <td>-0.053667</td>\n",
       "      <td>-0.114852</td>\n",
       "      <td>0.022030</td>\n",
       "      <td>0.077495</td>\n",
       "      <td>1.000000</td>\n",
       "      <td>-0.188127</td>\n",
       "      <td>0.091947</td>\n",
       "      <td>0.505334</td>\n",
       "      <td>-0.441832</td>\n",
       "      <td>0.177566</td>\n",
       "    </tr>\n",
       "    <tr>\n",
       "      <th>hr</th>\n",
       "      <td>-0.164643</td>\n",
       "      <td>-0.151830</td>\n",
       "      <td>-0.240242</td>\n",
       "      <td>-0.111024</td>\n",
       "      <td>-0.188127</td>\n",
       "      <td>1.000000</td>\n",
       "      <td>-0.017371</td>\n",
       "      <td>-0.166509</td>\n",
       "      <td>0.236500</td>\n",
       "      <td>-0.067493</td>\n",
       "    </tr>\n",
       "    <tr>\n",
       "      <th>distance</th>\n",
       "      <td>-0.028951</td>\n",
       "      <td>-0.036753</td>\n",
       "      <td>0.034963</td>\n",
       "      <td>0.002694</td>\n",
       "      <td>0.091947</td>\n",
       "      <td>-0.017371</td>\n",
       "      <td>1.000000</td>\n",
       "      <td>-0.121520</td>\n",
       "      <td>0.149308</td>\n",
       "      <td>0.952109</td>\n",
       "    </tr>\n",
       "    <tr>\n",
       "      <th>elevation_gain</th>\n",
       "      <td>0.003261</td>\n",
       "      <td>-0.007010</td>\n",
       "      <td>0.015736</td>\n",
       "      <td>0.126452</td>\n",
       "      <td>0.505334</td>\n",
       "      <td>-0.166509</td>\n",
       "      <td>-0.121520</td>\n",
       "      <td>1.000000</td>\n",
       "      <td>-0.817032</td>\n",
       "      <td>0.053663</td>\n",
       "    </tr>\n",
       "    <tr>\n",
       "      <th>speed</th>\n",
       "      <td>0.017049</td>\n",
       "      <td>0.020254</td>\n",
       "      <td>-0.035951</td>\n",
       "      <td>-0.147017</td>\n",
       "      <td>-0.441832</td>\n",
       "      <td>0.236500</td>\n",
       "      <td>0.149308</td>\n",
       "      <td>-0.817032</td>\n",
       "      <td>1.000000</td>\n",
       "      <td>-0.100493</td>\n",
       "    </tr>\n",
       "    <tr>\n",
       "      <th>timedelta</th>\n",
       "      <td>-0.018191</td>\n",
       "      <td>-0.028617</td>\n",
       "      <td>0.057167</td>\n",
       "      <td>0.045334</td>\n",
       "      <td>0.177566</td>\n",
       "      <td>-0.067493</td>\n",
       "      <td>0.952109</td>\n",
       "      <td>0.053663</td>\n",
       "      <td>-0.100493</td>\n",
       "      <td>1.000000</td>\n",
       "    </tr>\n",
       "  </tbody>\n",
       "</table>\n",
       "</div>"
      ],
      "text/plain": [
       "                latitude  longitude  elevation  temperature   cadence  \\\n",
       "latitude        1.000000   0.896230   0.902604    -0.243038 -0.053667   \n",
       "longitude       0.896230   1.000000   0.705915    -0.262367 -0.114852   \n",
       "elevation       0.902604   0.705915   1.000000    -0.116702  0.022030   \n",
       "temperature    -0.243038  -0.262367  -0.116702     1.000000  0.077495   \n",
       "cadence        -0.053667  -0.114852   0.022030     0.077495  1.000000   \n",
       "hr             -0.164643  -0.151830  -0.240242    -0.111024 -0.188127   \n",
       "distance       -0.028951  -0.036753   0.034963     0.002694  0.091947   \n",
       "elevation_gain  0.003261  -0.007010   0.015736     0.126452  0.505334   \n",
       "speed           0.017049   0.020254  -0.035951    -0.147017 -0.441832   \n",
       "timedelta      -0.018191  -0.028617   0.057167     0.045334  0.177566   \n",
       "\n",
       "                      hr  distance  elevation_gain     speed  timedelta  \n",
       "latitude       -0.164643 -0.028951        0.003261  0.017049  -0.018191  \n",
       "longitude      -0.151830 -0.036753       -0.007010  0.020254  -0.028617  \n",
       "elevation      -0.240242  0.034963        0.015736 -0.035951   0.057167  \n",
       "temperature    -0.111024  0.002694        0.126452 -0.147017   0.045334  \n",
       "cadence        -0.188127  0.091947        0.505334 -0.441832   0.177566  \n",
       "hr              1.000000 -0.017371       -0.166509  0.236500  -0.067493  \n",
       "distance       -0.017371  1.000000       -0.121520  0.149308   0.952109  \n",
       "elevation_gain -0.166509 -0.121520        1.000000 -0.817032   0.053663  \n",
       "speed           0.236500  0.149308       -0.817032  1.000000  -0.100493  \n",
       "timedelta      -0.067493  0.952109        0.053663 -0.100493   1.000000  "
      ]
     },
     "execution_count": 5,
     "metadata": {},
     "output_type": "execute_result"
    }
   ],
   "source": [
    "# calculating correlation between all columns in dataframe due to we see there is no relationship with power, \n",
    "# we drop it \n",
    "print(rr_2016.corr())\n",
    "\n",
    "## Let's check correlation on the dataframe\n",
    "new_df = rr_2016.drop(['power'], axis=1)\n",
    "new_df.corr ()\n",
    "\n"
   ]
  },
  {
   "cell_type": "code",
   "execution_count": 6,
   "metadata": {},
   "outputs": [
    {
     "data": {
      "text/plain": [
       "[Text(0.5, 0, 'latitude'),\n",
       " Text(1.5, 0, 'longitude'),\n",
       " Text(2.5, 0, 'elevation'),\n",
       " Text(3.5, 0, 'temperature'),\n",
       " Text(4.5, 0, 'cadence'),\n",
       " Text(5.5, 0, 'hr'),\n",
       " Text(6.5, 0, 'distance'),\n",
       " Text(7.5, 0, 'elevation_gain'),\n",
       " Text(8.5, 0, 'speed'),\n",
       " Text(9.5, 0, 'timedelta')]"
      ]
     },
     "execution_count": 6,
     "metadata": {},
     "output_type": "execute_result"
    },
    {
     "data": {
